mean=24.017289508389105
std=0.01687763903988534
lastUpdate=06/12/2022, 10:49:05
