mean=24.374823067740763
std=0.015263322991478251
lastUpdate=06/12/2022, 10:49:05
