mean=24.098270983462122
std=0.013057766855484983
lastUpdate=06/12/2022, 10:49:05
