mean=23.867231115101248
std=0.02251870429579835
lastUpdate=06/12/2022, 10:49:05
