mean=24.136795095553655
std=0.02330618093006813
lastUpdate=06/12/2022, 10:49:05
