mean=23.92056161693981
std=0.036143275107721494
lastUpdate=06/12/2022, 10:49:05
