mean=23.954262308977526
std=0.028703978306849415
lastUpdate=06/12/2022, 10:49:05
