mean=23.90125764103291
std=0.02646120574756751
lastUpdate=06/12/2022, 10:49:05
