mean=24.297199013823747
std=0.025844528496828893
lastUpdate=06/12/2022, 10:49:05
