mean=24.028689345600657
std=0.021851966804081132
lastUpdate=06/12/2022, 10:49:05
