mean=23.25180540097868
std=0.020678449586169344
lastUpdate=06/12/2022, 10:49:05
