mean=22.806652685731642
std=0.021848452638420838
lastUpdate=06/12/2022, 10:49:05
