mean=23.6957959832313
std=0.0325510994164219
lastUpdate=06/12/2022, 10:49:05
