mean=23.900143626670662
std=0.016070336690237892
lastUpdate=06/12/2022, 10:49:05
