mean=24.72288078400223
std=0.020283969780044722
lastUpdate=06/12/2022, 10:49:05
