mean=24.39399288534049
std=0.031028627301032802
lastUpdate=06/12/2022, 10:49:05
