mean=24.20934523222501
std=0.02033836535884228
lastUpdate=06/12/2022, 10:49:05
