mean=25.020144430830136
std=0.023197887403670025
lastUpdate=06/12/2022, 10:49:05
