mean=24.02043237847522
std=0.016977986224326832
lastUpdate=06/12/2022, 10:49:05
