mean=23.440193285641538
std=0.017750568396401115
lastUpdate=06/12/2022, 10:49:05
