mean=23.69196083483449
std=0.021753333081982292
lastUpdate=06/12/2022, 10:49:05
