mean=23.933923932967677
std=0.015818060426927735
lastUpdate=06/12/2022, 10:49:05
