mean=24.80034399219122
std=0.01940488552016758
lastUpdate=06/12/2022, 10:49:05
