mean=23.719397544463437
std=0.017867985568714714
lastUpdate=06/12/2022, 10:49:05
