mean=23.99834060741802
std=0.02109821194585238
lastUpdate=06/12/2022, 10:49:05
