mean=24.395809237348452
std=0.015460071820758661
lastUpdate=06/12/2022, 10:49:05
