mean=23.391828994810286
std=0.022879981218707313
lastUpdate=06/12/2022, 10:49:05
