mean=25.556333403660453
std=0.016630541475381202
lastUpdate=06/12/2022, 10:49:05
