mean=22.64133359052126
std=0.021936284425672345
lastUpdate=06/12/2022, 10:49:05
