mean=23.2999204210325
std=0.024538599104847576
lastUpdate=06/12/2022, 10:49:05
