mean=23.82883555212358
std=0.008402120826875957
lastUpdate=06/12/2022, 10:49:05
