mean=23.605394340319933
std=0.01690212817645377
lastUpdate=06/12/2022, 10:49:05
