mean=25.15037498161535
std=0.016389619322460764
lastUpdate=06/12/2022, 10:49:05
