mean=24.52599618237754
std=0.019626946339605794
lastUpdate=06/12/2022, 10:49:06
