mean=24.09104342189584
std=0.01376532093395237
lastUpdate=06/12/2022, 10:49:06
