mean=23.846501748166325
std=0.03224978586388982
lastUpdate=06/12/2022, 10:49:06
