mean=24.011467961366627
std=0.03000079966178476
lastUpdate=06/12/2022, 10:49:06
