mean=22.783571006311643
std=0.031812524696870174
lastUpdate=06/12/2022, 10:49:06
