mean=24.351990210116213
std=0.019076666017048965
lastUpdate=06/12/2022, 10:49:06
