mean=23.999497180512904
std=0.011717570720956264
lastUpdate=06/12/2022, 10:49:06
