mean=24.409721193288377
std=0.033288124838665965
lastUpdate=06/12/2022, 10:49:06
