mean=24.503420725121376
std=0.050449228605141935
lastUpdate=06/12/2022, 10:49:06
