mean=23.54137170765769
std=0.12893336074975115
lastUpdate=06/12/2022, 10:49:06
