mean=23.7021216357844
std=0.16176824090545597
lastUpdate=06/12/2022, 10:49:06
