mean=23.875201318493623
std=0.1516849293208073
lastUpdate=06/12/2022, 10:49:06
