mean=24.027147651023135
std=0.23061581022658392
lastUpdate=06/12/2022, 10:49:06
