mean=23.92927904791211
std=0.12514136504240955
lastUpdate=06/12/2022, 10:49:06
