mean=24.34417637958369
std=0.14890947608954114
lastUpdate=06/12/2022, 10:49:06
