mean=23.974892620333836
std=0.06182741831888959
lastUpdate=06/12/2022, 10:49:06
