mean=23.68126506568405
std=0.10248290640142174
lastUpdate=06/12/2022, 10:49:06
