mean=24.06307526076934
std=0.02231560285753948
lastUpdate=06/12/2022, 10:49:06
