mean=23.683328511666126
std=0.015007149196813927
lastUpdate=06/12/2022, 10:49:06
