mean=23.712233884164792
std=0.017593177402239597
lastUpdate=06/12/2022, 10:49:06
