mean=24.00311524885138
std=0.024209226255273265
lastUpdate=06/12/2022, 10:49:06
