mean=24.129487541508638
std=0.015923469935500496
lastUpdate=06/12/2022, 10:49:06
