mean=23.7858678047903
std=0.016021037058051326
lastUpdate=06/12/2022, 10:49:06
