mean=23.68502376221632
std=0.013515047882184246
lastUpdate=06/12/2022, 10:49:06
