mean=24.936700055822968
std=0.013074797798517874
lastUpdate=06/12/2022, 10:49:06
