mean=23.019253143166676
std=0.01655195050865194
lastUpdate=06/12/2022, 10:49:06
