mean=23.022034897047845
std=0.020491615228235237
lastUpdate=06/12/2022, 10:49:06
