mean=23.505035070641085
std=0.02743633502085749
lastUpdate=06/12/2022, 10:49:06
