mean=24.467974943273
std=0.030033727805612292
lastUpdate=06/12/2022, 10:49:06
