mean=23.968107487188963
std=0.01572670138952614
lastUpdate=06/12/2022, 10:49:06
