mean=26.142223164281805
std=0.021523421073534537
lastUpdate=06/12/2022, 10:49:06
