mean=23.620276332345824
std=0.0166263592964452
lastUpdate=06/12/2022, 10:49:06
