mean=24.256912230930222
std=0.017063314976238267
lastUpdate=06/12/2022, 10:49:06
