mean=24.202144239840717
std=0.01947964522087783
lastUpdate=06/12/2022, 10:49:06
