mean=23.892379480242592
std=0.019284438837679083
lastUpdate=06/12/2022, 10:49:06
