mean=23.900261186138206
std=0.026967207942105238
lastUpdate=06/12/2022, 10:49:06
