mean=23.86715732362113
std=0.01810386465025445
lastUpdate=06/12/2022, 10:49:06
