mean=24.11692569722776
std=0.020516936505406914
lastUpdate=06/12/2022, 10:49:06
