mean=23.83957578589109
std=0.02318019286250188
lastUpdate=06/12/2022, 10:49:06
