mean=24.113963534634923
std=0.014956981639163413
lastUpdate=06/12/2022, 10:49:06
