mean=24.067394122230578
std=0.016398221828675816
lastUpdate=06/12/2022, 10:49:06
