mean=23.798969065915887
std=0.030655161994002877
lastUpdate=06/12/2022, 10:49:06
