mean=24.11629607831017
std=0.019493535728761377
lastUpdate=06/12/2022, 10:49:06
