mean=23.687509488034053
std=0.022276131390568072
lastUpdate=06/12/2022, 10:49:06
