mean=23.799815125091243
std=0.01903705286294465
lastUpdate=06/12/2022, 10:49:06
