mean=24.104069695476728
std=0.017422609092378125
lastUpdate=06/12/2022, 10:49:06
